{
 "cells": [
  {
   "cell_type": "markdown",
   "metadata": {},
   "source": [
    "# 4.6 Lab: Logistic Regression, LDA, QDA, and KNN"
   ]
  },
  {
   "cell_type": "markdown",
   "metadata": {},
   "source": [
    "## 4.6.1 The Stock Market Data"
   ]
  },
  {
   "cell_type": "code",
   "execution_count": 163,
   "metadata": {},
   "outputs": [],
   "source": [
    "import numpy as np\n",
    "import matplotlib.pyplot as plt\n",
    "import pandas as pd \n",
    "import math\n",
    "from patsy import dmatrices\n",
    "\n",
    "\n",
    "import statsmodels.discrete.discrete_model as sm\n",
    "import statsmodels.formula.api as smf\n",
    "from statsmodels.graphics.regressionplots import *\n",
    "from sklearn import datasets, linear_model\n",
    "from sklearn.metrics import confusion_matrix"
   ]
  },
  {
   "cell_type": "markdown",
   "metadata": {},
   "source": [
    "We will begin by examining some numerical and graphical summaries of\n",
    "the Smarket data. This data set consists of\n",
    "percentage returns for the S&P 500 stock index over 1, 250 days, from the\n",
    "beginning of 2001 until the end of 2005. For each date, we have recorded\n",
    "the percentage returns for each of the five previous trading days, Lag1\n",
    "through Lag5. We have also recorded Volume (the number of shares traded \n",
    "on the previous day, in billions), Today (the percentage return on the date\n",
    "in question) and Direction (whether the market was Up or Down on this\n",
    "date)."
   ]
  },
  {
   "cell_type": "code",
   "execution_count": 164,
   "metadata": {},
   "outputs": [],
   "source": [
    "Smarket = pd.read_csv('data/Smarket.csv', header=0)"
   ]
  },
  {
   "cell_type": "code",
   "execution_count": 165,
   "metadata": {},
   "outputs": [
    {
     "data": {
      "text/html": [
       "<div>\n",
       "<style scoped>\n",
       "    .dataframe tbody tr th:only-of-type {\n",
       "        vertical-align: middle;\n",
       "    }\n",
       "\n",
       "    .dataframe tbody tr th {\n",
       "        vertical-align: top;\n",
       "    }\n",
       "\n",
       "    .dataframe thead th {\n",
       "        text-align: right;\n",
       "    }\n",
       "</style>\n",
       "<table border=\"1\" class=\"dataframe\">\n",
       "  <thead>\n",
       "    <tr style=\"text-align: right;\">\n",
       "      <th></th>\n",
       "      <th>Year</th>\n",
       "      <th>Lag1</th>\n",
       "      <th>Lag2</th>\n",
       "      <th>Lag3</th>\n",
       "      <th>Lag4</th>\n",
       "      <th>Lag5</th>\n",
       "      <th>Volume</th>\n",
       "      <th>Today</th>\n",
       "      <th>Direction</th>\n",
       "    </tr>\n",
       "  </thead>\n",
       "  <tbody>\n",
       "    <tr>\n",
       "      <th>0</th>\n",
       "      <td>2001</td>\n",
       "      <td>0.381</td>\n",
       "      <td>-0.192</td>\n",
       "      <td>-2.624</td>\n",
       "      <td>-1.055</td>\n",
       "      <td>5.010</td>\n",
       "      <td>1.1913</td>\n",
       "      <td>0.959</td>\n",
       "      <td>Up</td>\n",
       "    </tr>\n",
       "    <tr>\n",
       "      <th>1</th>\n",
       "      <td>2001</td>\n",
       "      <td>0.959</td>\n",
       "      <td>0.381</td>\n",
       "      <td>-0.192</td>\n",
       "      <td>-2.624</td>\n",
       "      <td>-1.055</td>\n",
       "      <td>1.2965</td>\n",
       "      <td>1.032</td>\n",
       "      <td>Up</td>\n",
       "    </tr>\n",
       "    <tr>\n",
       "      <th>2</th>\n",
       "      <td>2001</td>\n",
       "      <td>1.032</td>\n",
       "      <td>0.959</td>\n",
       "      <td>0.381</td>\n",
       "      <td>-0.192</td>\n",
       "      <td>-2.624</td>\n",
       "      <td>1.4112</td>\n",
       "      <td>-0.623</td>\n",
       "      <td>Down</td>\n",
       "    </tr>\n",
       "    <tr>\n",
       "      <th>3</th>\n",
       "      <td>2001</td>\n",
       "      <td>-0.623</td>\n",
       "      <td>1.032</td>\n",
       "      <td>0.959</td>\n",
       "      <td>0.381</td>\n",
       "      <td>-0.192</td>\n",
       "      <td>1.2760</td>\n",
       "      <td>0.614</td>\n",
       "      <td>Up</td>\n",
       "    </tr>\n",
       "    <tr>\n",
       "      <th>4</th>\n",
       "      <td>2001</td>\n",
       "      <td>0.614</td>\n",
       "      <td>-0.623</td>\n",
       "      <td>1.032</td>\n",
       "      <td>0.959</td>\n",
       "      <td>0.381</td>\n",
       "      <td>1.2057</td>\n",
       "      <td>0.213</td>\n",
       "      <td>Up</td>\n",
       "    </tr>\n",
       "  </tbody>\n",
       "</table>\n",
       "</div>"
      ],
      "text/plain": [
       "   Year   Lag1   Lag2   Lag3   Lag4   Lag5  Volume  Today Direction\n",
       "0  2001  0.381 -0.192 -2.624 -1.055  5.010  1.1913  0.959        Up\n",
       "1  2001  0.959  0.381 -0.192 -2.624 -1.055  1.2965  1.032        Up\n",
       "2  2001  1.032  0.959  0.381 -0.192 -2.624  1.4112 -0.623      Down\n",
       "3  2001 -0.623  1.032  0.959  0.381 -0.192  1.2760  0.614        Up\n",
       "4  2001  0.614 -0.623  1.032  0.959  0.381  1.2057  0.213        Up"
      ]
     },
     "execution_count": 165,
     "metadata": {},
     "output_type": "execute_result"
    }
   ],
   "source": [
    "Smarket.head()"
   ]
  },
  {
   "cell_type": "code",
   "execution_count": 166,
   "metadata": {},
   "outputs": [
    {
     "data": {
      "text/html": [
       "<div>\n",
       "<style scoped>\n",
       "    .dataframe tbody tr th:only-of-type {\n",
       "        vertical-align: middle;\n",
       "    }\n",
       "\n",
       "    .dataframe tbody tr th {\n",
       "        vertical-align: top;\n",
       "    }\n",
       "\n",
       "    .dataframe thead th {\n",
       "        text-align: right;\n",
       "    }\n",
       "</style>\n",
       "<table border=\"1\" class=\"dataframe\">\n",
       "  <thead>\n",
       "    <tr style=\"text-align: right;\">\n",
       "      <th></th>\n",
       "      <th>Year</th>\n",
       "      <th>Lag1</th>\n",
       "      <th>Lag2</th>\n",
       "      <th>Lag3</th>\n",
       "      <th>Lag4</th>\n",
       "      <th>Lag5</th>\n",
       "      <th>Volume</th>\n",
       "      <th>Today</th>\n",
       "      <th>Direction</th>\n",
       "    </tr>\n",
       "  </thead>\n",
       "  <tbody>\n",
       "    <tr>\n",
       "      <th>1245</th>\n",
       "      <td>2005</td>\n",
       "      <td>0.422</td>\n",
       "      <td>0.252</td>\n",
       "      <td>-0.024</td>\n",
       "      <td>-0.584</td>\n",
       "      <td>-0.285</td>\n",
       "      <td>1.88850</td>\n",
       "      <td>0.043</td>\n",
       "      <td>Up</td>\n",
       "    </tr>\n",
       "    <tr>\n",
       "      <th>1246</th>\n",
       "      <td>2005</td>\n",
       "      <td>0.043</td>\n",
       "      <td>0.422</td>\n",
       "      <td>0.252</td>\n",
       "      <td>-0.024</td>\n",
       "      <td>-0.584</td>\n",
       "      <td>1.28581</td>\n",
       "      <td>-0.955</td>\n",
       "      <td>Down</td>\n",
       "    </tr>\n",
       "    <tr>\n",
       "      <th>1247</th>\n",
       "      <td>2005</td>\n",
       "      <td>-0.955</td>\n",
       "      <td>0.043</td>\n",
       "      <td>0.422</td>\n",
       "      <td>0.252</td>\n",
       "      <td>-0.024</td>\n",
       "      <td>1.54047</td>\n",
       "      <td>0.130</td>\n",
       "      <td>Up</td>\n",
       "    </tr>\n",
       "    <tr>\n",
       "      <th>1248</th>\n",
       "      <td>2005</td>\n",
       "      <td>0.130</td>\n",
       "      <td>-0.955</td>\n",
       "      <td>0.043</td>\n",
       "      <td>0.422</td>\n",
       "      <td>0.252</td>\n",
       "      <td>1.42236</td>\n",
       "      <td>-0.298</td>\n",
       "      <td>Down</td>\n",
       "    </tr>\n",
       "    <tr>\n",
       "      <th>1249</th>\n",
       "      <td>2005</td>\n",
       "      <td>-0.298</td>\n",
       "      <td>0.130</td>\n",
       "      <td>-0.955</td>\n",
       "      <td>0.043</td>\n",
       "      <td>0.422</td>\n",
       "      <td>1.38254</td>\n",
       "      <td>-0.489</td>\n",
       "      <td>Down</td>\n",
       "    </tr>\n",
       "  </tbody>\n",
       "</table>\n",
       "</div>"
      ],
      "text/plain": [
       "      Year   Lag1   Lag2   Lag3   Lag4   Lag5   Volume  Today Direction\n",
       "1245  2005  0.422  0.252 -0.024 -0.584 -0.285  1.88850  0.043        Up\n",
       "1246  2005  0.043  0.422  0.252 -0.024 -0.584  1.28581 -0.955      Down\n",
       "1247  2005 -0.955  0.043  0.422  0.252 -0.024  1.54047  0.130        Up\n",
       "1248  2005  0.130 -0.955  0.043  0.422  0.252  1.42236 -0.298      Down\n",
       "1249  2005 -0.298  0.130 -0.955  0.043  0.422  1.38254 -0.489      Down"
      ]
     },
     "execution_count": 166,
     "metadata": {},
     "output_type": "execute_result"
    }
   ],
   "source": [
    "Smarket.tail()"
   ]
  },
  {
   "cell_type": "code",
   "execution_count": 167,
   "metadata": {},
   "outputs": [
    {
     "data": {
      "text/html": [
       "<div>\n",
       "<style scoped>\n",
       "    .dataframe tbody tr th:only-of-type {\n",
       "        vertical-align: middle;\n",
       "    }\n",
       "\n",
       "    .dataframe tbody tr th {\n",
       "        vertical-align: top;\n",
       "    }\n",
       "\n",
       "    .dataframe thead th {\n",
       "        text-align: right;\n",
       "    }\n",
       "</style>\n",
       "<table border=\"1\" class=\"dataframe\">\n",
       "  <thead>\n",
       "    <tr style=\"text-align: right;\">\n",
       "      <th></th>\n",
       "      <th>Year</th>\n",
       "      <th>Lag1</th>\n",
       "      <th>Lag2</th>\n",
       "      <th>Lag3</th>\n",
       "      <th>Lag4</th>\n",
       "      <th>Lag5</th>\n",
       "      <th>Volume</th>\n",
       "      <th>Today</th>\n",
       "    </tr>\n",
       "  </thead>\n",
       "  <tbody>\n",
       "    <tr>\n",
       "      <th>count</th>\n",
       "      <td>1250.000000</td>\n",
       "      <td>1250.000000</td>\n",
       "      <td>1250.000000</td>\n",
       "      <td>1250.000000</td>\n",
       "      <td>1250.000000</td>\n",
       "      <td>1250.00000</td>\n",
       "      <td>1250.000000</td>\n",
       "      <td>1250.000000</td>\n",
       "    </tr>\n",
       "    <tr>\n",
       "      <th>mean</th>\n",
       "      <td>2003.016000</td>\n",
       "      <td>0.003834</td>\n",
       "      <td>0.003919</td>\n",
       "      <td>0.001716</td>\n",
       "      <td>0.001636</td>\n",
       "      <td>0.00561</td>\n",
       "      <td>1.478305</td>\n",
       "      <td>0.003138</td>\n",
       "    </tr>\n",
       "    <tr>\n",
       "      <th>std</th>\n",
       "      <td>1.409018</td>\n",
       "      <td>1.136299</td>\n",
       "      <td>1.136280</td>\n",
       "      <td>1.138703</td>\n",
       "      <td>1.138774</td>\n",
       "      <td>1.14755</td>\n",
       "      <td>0.360357</td>\n",
       "      <td>1.136334</td>\n",
       "    </tr>\n",
       "    <tr>\n",
       "      <th>min</th>\n",
       "      <td>2001.000000</td>\n",
       "      <td>-4.922000</td>\n",
       "      <td>-4.922000</td>\n",
       "      <td>-4.922000</td>\n",
       "      <td>-4.922000</td>\n",
       "      <td>-4.92200</td>\n",
       "      <td>0.356070</td>\n",
       "      <td>-4.922000</td>\n",
       "    </tr>\n",
       "    <tr>\n",
       "      <th>25%</th>\n",
       "      <td>2002.000000</td>\n",
       "      <td>-0.639500</td>\n",
       "      <td>-0.639500</td>\n",
       "      <td>-0.640000</td>\n",
       "      <td>-0.640000</td>\n",
       "      <td>-0.64000</td>\n",
       "      <td>1.257400</td>\n",
       "      <td>-0.639500</td>\n",
       "    </tr>\n",
       "    <tr>\n",
       "      <th>50%</th>\n",
       "      <td>2003.000000</td>\n",
       "      <td>0.039000</td>\n",
       "      <td>0.039000</td>\n",
       "      <td>0.038500</td>\n",
       "      <td>0.038500</td>\n",
       "      <td>0.03850</td>\n",
       "      <td>1.422950</td>\n",
       "      <td>0.038500</td>\n",
       "    </tr>\n",
       "    <tr>\n",
       "      <th>75%</th>\n",
       "      <td>2004.000000</td>\n",
       "      <td>0.596750</td>\n",
       "      <td>0.596750</td>\n",
       "      <td>0.596750</td>\n",
       "      <td>0.596750</td>\n",
       "      <td>0.59700</td>\n",
       "      <td>1.641675</td>\n",
       "      <td>0.596750</td>\n",
       "    </tr>\n",
       "    <tr>\n",
       "      <th>max</th>\n",
       "      <td>2005.000000</td>\n",
       "      <td>5.733000</td>\n",
       "      <td>5.733000</td>\n",
       "      <td>5.733000</td>\n",
       "      <td>5.733000</td>\n",
       "      <td>5.73300</td>\n",
       "      <td>3.152470</td>\n",
       "      <td>5.733000</td>\n",
       "    </tr>\n",
       "  </tbody>\n",
       "</table>\n",
       "</div>"
      ],
      "text/plain": [
       "              Year         Lag1         Lag2         Lag3         Lag4  \\\n",
       "count  1250.000000  1250.000000  1250.000000  1250.000000  1250.000000   \n",
       "mean   2003.016000     0.003834     0.003919     0.001716     0.001636   \n",
       "std       1.409018     1.136299     1.136280     1.138703     1.138774   \n",
       "min    2001.000000    -4.922000    -4.922000    -4.922000    -4.922000   \n",
       "25%    2002.000000    -0.639500    -0.639500    -0.640000    -0.640000   \n",
       "50%    2003.000000     0.039000     0.039000     0.038500     0.038500   \n",
       "75%    2004.000000     0.596750     0.596750     0.596750     0.596750   \n",
       "max    2005.000000     5.733000     5.733000     5.733000     5.733000   \n",
       "\n",
       "             Lag5       Volume        Today  \n",
       "count  1250.00000  1250.000000  1250.000000  \n",
       "mean      0.00561     1.478305     0.003138  \n",
       "std       1.14755     0.360357     1.136334  \n",
       "min      -4.92200     0.356070    -4.922000  \n",
       "25%      -0.64000     1.257400    -0.639500  \n",
       "50%       0.03850     1.422950     0.038500  \n",
       "75%       0.59700     1.641675     0.596750  \n",
       "max       5.73300     3.152470     5.733000  "
      ]
     },
     "execution_count": 167,
     "metadata": {},
     "output_type": "execute_result"
    }
   ],
   "source": [
    "Smarket.describe()"
   ]
  },
  {
   "cell_type": "code",
   "execution_count": 168,
   "metadata": {},
   "outputs": [
    {
     "data": {
      "text/plain": [
       "(1250, 9)"
      ]
     },
     "execution_count": 168,
     "metadata": {},
     "output_type": "execute_result"
    }
   ],
   "source": [
    "Smarket.shape"
   ]
  },
  {
   "cell_type": "markdown",
   "metadata": {},
   "source": [
    "### For panda data frame, there is a method corr to compute pairwise correlation between numerical variables\n",
    "As one would expect, the correlations between the lag variables and today’s returns are close to zero."
   ]
  },
  {
   "cell_type": "code",
   "execution_count": 169,
   "metadata": {},
   "outputs": [
    {
     "data": {
      "text/html": [
       "<div>\n",
       "<style scoped>\n",
       "    .dataframe tbody tr th:only-of-type {\n",
       "        vertical-align: middle;\n",
       "    }\n",
       "\n",
       "    .dataframe tbody tr th {\n",
       "        vertical-align: top;\n",
       "    }\n",
       "\n",
       "    .dataframe thead th {\n",
       "        text-align: right;\n",
       "    }\n",
       "</style>\n",
       "<table border=\"1\" class=\"dataframe\">\n",
       "  <thead>\n",
       "    <tr style=\"text-align: right;\">\n",
       "      <th></th>\n",
       "      <th>Year</th>\n",
       "      <th>Lag1</th>\n",
       "      <th>Lag2</th>\n",
       "      <th>Lag3</th>\n",
       "      <th>Lag4</th>\n",
       "      <th>Lag5</th>\n",
       "      <th>Volume</th>\n",
       "      <th>Today</th>\n",
       "    </tr>\n",
       "  </thead>\n",
       "  <tbody>\n",
       "    <tr>\n",
       "      <th>Year</th>\n",
       "      <td>1.000000</td>\n",
       "      <td>0.029700</td>\n",
       "      <td>0.030596</td>\n",
       "      <td>0.033195</td>\n",
       "      <td>0.035689</td>\n",
       "      <td>0.029788</td>\n",
       "      <td>0.539006</td>\n",
       "      <td>0.030095</td>\n",
       "    </tr>\n",
       "    <tr>\n",
       "      <th>Lag1</th>\n",
       "      <td>0.029700</td>\n",
       "      <td>1.000000</td>\n",
       "      <td>-0.026294</td>\n",
       "      <td>-0.010803</td>\n",
       "      <td>-0.002986</td>\n",
       "      <td>-0.005675</td>\n",
       "      <td>0.040910</td>\n",
       "      <td>-0.026155</td>\n",
       "    </tr>\n",
       "    <tr>\n",
       "      <th>Lag2</th>\n",
       "      <td>0.030596</td>\n",
       "      <td>-0.026294</td>\n",
       "      <td>1.000000</td>\n",
       "      <td>-0.025897</td>\n",
       "      <td>-0.010854</td>\n",
       "      <td>-0.003558</td>\n",
       "      <td>-0.043383</td>\n",
       "      <td>-0.010250</td>\n",
       "    </tr>\n",
       "    <tr>\n",
       "      <th>Lag3</th>\n",
       "      <td>0.033195</td>\n",
       "      <td>-0.010803</td>\n",
       "      <td>-0.025897</td>\n",
       "      <td>1.000000</td>\n",
       "      <td>-0.024051</td>\n",
       "      <td>-0.018808</td>\n",
       "      <td>-0.041824</td>\n",
       "      <td>-0.002448</td>\n",
       "    </tr>\n",
       "    <tr>\n",
       "      <th>Lag4</th>\n",
       "      <td>0.035689</td>\n",
       "      <td>-0.002986</td>\n",
       "      <td>-0.010854</td>\n",
       "      <td>-0.024051</td>\n",
       "      <td>1.000000</td>\n",
       "      <td>-0.027084</td>\n",
       "      <td>-0.048414</td>\n",
       "      <td>-0.006900</td>\n",
       "    </tr>\n",
       "    <tr>\n",
       "      <th>Lag5</th>\n",
       "      <td>0.029788</td>\n",
       "      <td>-0.005675</td>\n",
       "      <td>-0.003558</td>\n",
       "      <td>-0.018808</td>\n",
       "      <td>-0.027084</td>\n",
       "      <td>1.000000</td>\n",
       "      <td>-0.022002</td>\n",
       "      <td>-0.034860</td>\n",
       "    </tr>\n",
       "    <tr>\n",
       "      <th>Volume</th>\n",
       "      <td>0.539006</td>\n",
       "      <td>0.040910</td>\n",
       "      <td>-0.043383</td>\n",
       "      <td>-0.041824</td>\n",
       "      <td>-0.048414</td>\n",
       "      <td>-0.022002</td>\n",
       "      <td>1.000000</td>\n",
       "      <td>0.014592</td>\n",
       "    </tr>\n",
       "    <tr>\n",
       "      <th>Today</th>\n",
       "      <td>0.030095</td>\n",
       "      <td>-0.026155</td>\n",
       "      <td>-0.010250</td>\n",
       "      <td>-0.002448</td>\n",
       "      <td>-0.006900</td>\n",
       "      <td>-0.034860</td>\n",
       "      <td>0.014592</td>\n",
       "      <td>1.000000</td>\n",
       "    </tr>\n",
       "  </tbody>\n",
       "</table>\n",
       "</div>"
      ],
      "text/plain": [
       "            Year      Lag1      Lag2      Lag3      Lag4      Lag5    Volume  \\\n",
       "Year    1.000000  0.029700  0.030596  0.033195  0.035689  0.029788  0.539006   \n",
       "Lag1    0.029700  1.000000 -0.026294 -0.010803 -0.002986 -0.005675  0.040910   \n",
       "Lag2    0.030596 -0.026294  1.000000 -0.025897 -0.010854 -0.003558 -0.043383   \n",
       "Lag3    0.033195 -0.010803 -0.025897  1.000000 -0.024051 -0.018808 -0.041824   \n",
       "Lag4    0.035689 -0.002986 -0.010854 -0.024051  1.000000 -0.027084 -0.048414   \n",
       "Lag5    0.029788 -0.005675 -0.003558 -0.018808 -0.027084  1.000000 -0.022002   \n",
       "Volume  0.539006  0.040910 -0.043383 -0.041824 -0.048414 -0.022002  1.000000   \n",
       "Today   0.030095 -0.026155 -0.010250 -0.002448 -0.006900 -0.034860  0.014592   \n",
       "\n",
       "           Today  \n",
       "Year    0.030095  \n",
       "Lag1   -0.026155  \n",
       "Lag2   -0.010250  \n",
       "Lag3   -0.002448  \n",
       "Lag4   -0.006900  \n",
       "Lag5   -0.034860  \n",
       "Volume  0.014592  \n",
       "Today   1.000000  "
      ]
     },
     "execution_count": 169,
     "metadata": {},
     "output_type": "execute_result"
    }
   ],
   "source": [
    "Smarket.corr()"
   ]
  },
  {
   "cell_type": "code",
   "execution_count": 170,
   "metadata": {},
   "outputs": [
    {
     "data": {
      "text/html": [
       "<div>\n",
       "<style scoped>\n",
       "    .dataframe tbody tr th:only-of-type {\n",
       "        vertical-align: middle;\n",
       "    }\n",
       "\n",
       "    .dataframe tbody tr th {\n",
       "        vertical-align: top;\n",
       "    }\n",
       "\n",
       "    .dataframe thead th {\n",
       "        text-align: right;\n",
       "    }\n",
       "</style>\n",
       "<table border=\"1\" class=\"dataframe\">\n",
       "  <thead>\n",
       "    <tr style=\"text-align: right;\">\n",
       "      <th></th>\n",
       "      <th>Year</th>\n",
       "      <th>Lag1</th>\n",
       "      <th>Lag2</th>\n",
       "      <th>Lag3</th>\n",
       "      <th>Lag4</th>\n",
       "      <th>Lag5</th>\n",
       "      <th>Volume</th>\n",
       "      <th>Today</th>\n",
       "    </tr>\n",
       "  </thead>\n",
       "  <tbody>\n",
       "    <tr>\n",
       "      <th>Year</th>\n",
       "      <td>1.985332</td>\n",
       "      <td>0.047551</td>\n",
       "      <td>0.048986</td>\n",
       "      <td>0.053259</td>\n",
       "      <td>0.057264</td>\n",
       "      <td>0.048165</td>\n",
       "      <td>0.273680</td>\n",
       "      <td>0.048186</td>\n",
       "    </tr>\n",
       "    <tr>\n",
       "      <th>Lag1</th>\n",
       "      <td>0.047551</td>\n",
       "      <td>1.291175</td>\n",
       "      <td>-0.033950</td>\n",
       "      <td>-0.013979</td>\n",
       "      <td>-0.003864</td>\n",
       "      <td>-0.007399</td>\n",
       "      <td>0.016752</td>\n",
       "      <td>-0.033772</td>\n",
       "    </tr>\n",
       "    <tr>\n",
       "      <th>Lag2</th>\n",
       "      <td>0.048986</td>\n",
       "      <td>-0.033950</td>\n",
       "      <td>1.291133</td>\n",
       "      <td>-0.033507</td>\n",
       "      <td>-0.014044</td>\n",
       "      <td>-0.004639</td>\n",
       "      <td>-0.017764</td>\n",
       "      <td>-0.013235</td>\n",
       "    </tr>\n",
       "    <tr>\n",
       "      <th>Lag3</th>\n",
       "      <td>0.053259</td>\n",
       "      <td>-0.013979</td>\n",
       "      <td>-0.033507</td>\n",
       "      <td>1.296644</td>\n",
       "      <td>-0.031188</td>\n",
       "      <td>-0.024577</td>\n",
       "      <td>-0.017162</td>\n",
       "      <td>-0.003167</td>\n",
       "    </tr>\n",
       "    <tr>\n",
       "      <th>Lag4</th>\n",
       "      <td>0.057264</td>\n",
       "      <td>-0.003864</td>\n",
       "      <td>-0.014044</td>\n",
       "      <td>-0.031188</td>\n",
       "      <td>1.296806</td>\n",
       "      <td>-0.035393</td>\n",
       "      <td>-0.019868</td>\n",
       "      <td>-0.008928</td>\n",
       "    </tr>\n",
       "    <tr>\n",
       "      <th>Lag5</th>\n",
       "      <td>0.048165</td>\n",
       "      <td>-0.007399</td>\n",
       "      <td>-0.004639</td>\n",
       "      <td>-0.024577</td>\n",
       "      <td>-0.035393</td>\n",
       "      <td>1.316871</td>\n",
       "      <td>-0.009099</td>\n",
       "      <td>-0.045458</td>\n",
       "    </tr>\n",
       "    <tr>\n",
       "      <th>Volume</th>\n",
       "      <td>0.273680</td>\n",
       "      <td>0.016752</td>\n",
       "      <td>-0.017764</td>\n",
       "      <td>-0.017162</td>\n",
       "      <td>-0.019868</td>\n",
       "      <td>-0.009099</td>\n",
       "      <td>0.129857</td>\n",
       "      <td>0.005975</td>\n",
       "    </tr>\n",
       "    <tr>\n",
       "      <th>Today</th>\n",
       "      <td>0.048186</td>\n",
       "      <td>-0.033772</td>\n",
       "      <td>-0.013235</td>\n",
       "      <td>-0.003167</td>\n",
       "      <td>-0.008928</td>\n",
       "      <td>-0.045458</td>\n",
       "      <td>0.005975</td>\n",
       "      <td>1.291255</td>\n",
       "    </tr>\n",
       "  </tbody>\n",
       "</table>\n",
       "</div>"
      ],
      "text/plain": [
       "            Year      Lag1      Lag2      Lag3      Lag4      Lag5    Volume  \\\n",
       "Year    1.985332  0.047551  0.048986  0.053259  0.057264  0.048165  0.273680   \n",
       "Lag1    0.047551  1.291175 -0.033950 -0.013979 -0.003864 -0.007399  0.016752   \n",
       "Lag2    0.048986 -0.033950  1.291133 -0.033507 -0.014044 -0.004639 -0.017764   \n",
       "Lag3    0.053259 -0.013979 -0.033507  1.296644 -0.031188 -0.024577 -0.017162   \n",
       "Lag4    0.057264 -0.003864 -0.014044 -0.031188  1.296806 -0.035393 -0.019868   \n",
       "Lag5    0.048165 -0.007399 -0.004639 -0.024577 -0.035393  1.316871 -0.009099   \n",
       "Volume  0.273680  0.016752 -0.017764 -0.017162 -0.019868 -0.009099  0.129857   \n",
       "Today   0.048186 -0.033772 -0.013235 -0.003167 -0.008928 -0.045458  0.005975   \n",
       "\n",
       "           Today  \n",
       "Year    0.048186  \n",
       "Lag1   -0.033772  \n",
       "Lag2   -0.013235  \n",
       "Lag3   -0.003167  \n",
       "Lag4   -0.008928  \n",
       "Lag5   -0.045458  \n",
       "Volume  0.005975  \n",
       "Today   1.291255  "
      ]
     },
     "execution_count": 170,
     "metadata": {},
     "output_type": "execute_result"
    }
   ],
   "source": [
    "Smarket.cov() # covariance"
   ]
  },
  {
   "cell_type": "code",
   "execution_count": 171,
   "metadata": {},
   "outputs": [
    {
     "data": {
